0,61.4206499445605,55.5985401898076,47.7113541648346,61.3655093781233,60.3180441885726,31.3015617578524,66.7556607883794,53.6464903575724,18.2909442067868,23.2078812628085,68.6027565954196,33.8257690389581,62.7456326440138,22.7166560631854,88.9131624686921,29.2571708851442,55.2996680015052,43.6299357822699,55.9116324209532,57.7651661438999,29.6673719567024,34.9085146236362,57.9997157322988,49.1008024021197,43.9089710241107,44.2126591004593,37.9231509748281,83.0959970667506,44.1813839285199,50.0499571821189,117.506816689893,65.2969106813618,15.8762935890689,78.8831212609498,23.364965189571,62.2956696401742,41.4334025357748,132.47511107322,39.8038329209127,59.413201485096,53.7309201339166,45.8240310167773,53.7535723809923,51.6813631335221,42.5992076904264,10.5108166268069,54.9271648348497,14.530858198186,20.1384865363758,66.8074247984835,99.1768097554258,43.2491755498459,58.0418182281276,14.4746761836511,57.4096739906568,30.5216064748518,129.93483262985,53.3600319356715,60.2583018967564,45.0252588986482,33.6008570979718,196.15483265264,34.4175136765335,46.0328243561467,32.8292616968358,18.8727950560563,58.8685940196478,83.0408406963181,57.7181795051207,40.6863768059678,58.0782941259075,36.9944919034379,58.0683380619095,27.3786420828912,30.5011041905375,59.9858758275571,54.1689740414149,60.8646505604306,27.1690179472773,73.7492023946478,39.0396338076121,82.4254971860145,38.8609890277683,36.5428063226923,46.1904323182093,80.1322809122941,59.0163443193197,58.517108194367,23.0999699812735,52.7023236362067,24.9456019850709,35.092133785704,56.3429174079003,33.7735940840446,24.3036581663214,65.4658701173921,50.2385415588224,33.1675678375591,97.3031206487252
61.4206499445605,0,115.704393954948,83.5646712977308,119.724113141339,116.823253755899,38.4763468080895,125.883047987912,109.329782730219,69.6032142463064,77.5742431037915,128.50395883117,68.2802989706092,111.96188712576,77.2664114645813,135.565259266418,71.0976811032015,33.8918423824629,94.2174612131582,89.9660348877132,34.9800026534194,82.0303650172225,47.5435935740655,118.278046148329,101.084102686539,97.0948404131058,75.4954893570937,77.5215644575584,36.2374574490198,45.9124163486491,107.326589563576,61.952673759388,116.009024497774,52.3890881566167,27.7593949756749,61.6817431222015,121.029741570318,89.566938273972,81.0144288229891,60.1108781844787,118.812037227529,112.420664619176,61.9406154013207,114.28779640272,45.768800254669,100.479766930027,62.4596561862537,112.514130620156,67.5660997351277,66.9448088608611,113.078307942086,137.178516803296,100.223115851564,115.787130061275,67.2902865428385,117.293567566572,71.3242493678707,69.4723465487041,109.327382409844,77.7346921682739,74.6430341418261,56.6329609096066,143.195562529326,94.7018030375043,41.8309591926484,34.664597099112,58.3582635903283,80.868927443492,134.634468201222,117.786089173699,92.650102380125,114.247644844421,57.6572730089736,115.532454474333,77.1287891654625,51.02029238718,27.055757040365,109.403043957125,121.217107515932,84.3007617379379,38.5788840346427,88.2316462980401,25.1599387107069,92.6470085397668,97.5194454621677,100.846576475648,48.8482521143717,118.341948292096,116.924496073771,78.2098849593058,112.821219969026,81.6473454209645,88.9716603587953,113.282929277084,86.5875299337219,56.4321397078902,105.13406389497,107.873045526106,57.9230147187031,61.6546782976878
55.5985401898076,115.704393954948,0,63.8827046256582,22.8856465884709,41.6068091616477,84.6974950164304,33.9041574783985,33.9996277287742,53.7059813898397,44.6586262252152,25.1383564688568,65.0315338909355,46.9213563726577,44.3226087930376,65.33160192093,55.8399247795503,103.996888349471,45.8386452812348,65.1696588685702,107.416923053642,44.1358990371148,78.6482586612781,24.3055768035263,47.2102120492001,47.0816192711117,65.5755292458938,62.2800928284679,133.119867290147,89.7111881889208,31.6721884296038,167.470681525805,47.7649806572801,66.2825774576375,130.047643467222,61.4323279970273,26.60164339378,47.122555118508,178.673390597812,78.0987480477835,24.8830377783605,31.227296345438,80.6924889684858,16.0400753069024,98.4342666063365,27.6256687342288,56.5164890142482,29.4449055123479,51.5519120600372,55.6357118858544,45.7031405388215,82.4341710134239,37.9631190784361,32.2565807450151,53.8496154721401,25.196458854892,55.2568202713016,183.050133198193,26.9957165221306,84.0946902749805,68.5061152942285,72.6313167214138,241.974215832634,26.4395099051194,92.1551222364446,85.092098641919,61.4464158348892,84.3064159573732,52.0840822358275,27.9491812199239,40.3467096791458,29.1862770748927,73.441491228401,38.3972171985743,48.3568152789449,78.7530480065731,112.460144371274,40.0659810152569,12.0680109181544,42.2131084949881,119.984150739496,42.4219989152234,136.231419742438,39.4888534147417,24.736718098957,43.7367792201508,125.397307903942,25.0651423044532,31.2520150590333,46.9476058458014,15.706334230075,43.6904930742247,43.0434324931033,29.4893712706399,38.5856603080074,66.1815458319584,59.6166549548777,21.9866205750391,69.447827541706,142.419198959041
47.7113541648346,83.5646712977308,63.8827046256582,0,65.0386796573053,69.7745574010092,70.4982830817107,69.2163719395719,41.5934558120709,46.3861328665463,30.2688791503935,64.3802978328368,24.6421827813117,66.6462685500491,32.6340605208008,89.9987630910436,61.6209404508769,59.7500319087566,30.5180965931775,52.0652794318141,70.8890436279642,58.0354755990023,41.4794313852447,72.2471248462584,86.0368065732366,79.8101030063744,50.2941155425973,52.4376117105715,102.447470669701,50.91854272859,66.8595698653788,124.111849333144,85.1069376867488,52.3115667758335,92.9405714169176,56.8254840147169,82.7652344506846,21.8076059657587,137.156129147213,37.6629729879241,70.5382928345611,63.5769275941586,25.4336313646186,69.2883439052979,68.7418128004515,67.5758155982701,41.8298679482647,51.3632906704272,43.6879814401271,53.9877145498204,68.3049718768512,105.612138649462,74.6619451118819,81.094064154547,59.2396533354605,78.0070663982371,26.9286144138042,141.619038570668,69.5914541772002,82.0069018015455,19.7940096402037,69.0733307365826,200.964674683595,58.5685862753226,65.1761432714426,52.8854398286401,39.890762372599,65.0925443627336,97.5175248978395,71.2364645172874,29.3963733772868,66.108101795377,34.0365676068862,84.8258708008095,41.9419456617089,58.7395374750273,84.114368633207,68.3260406681467,70.5719459303461,62.8479474856025,88.7380953773215,29.0908754295179,104.09894331174,63.3052037105586,51.6191755820368,79.8562942874539,76.6715110876343,61.9646723858106,83.0898196961144,45.0778584883162,56.7792820336639,63.611631851585,40.5057793151856,45.7448833800652,28.0920859132478,38.9460668725128,89.7624509495249,59.7788393466412,47.5233758241237,98.4904990062191
61.3655093781233,119.724113141339,22.8856465884709,65.0386796573053,0,55.8089675703499,89.7768387359895,45.1571908676093,41.7200539617504,63.3828975907409,49.6742294183889,28.7679188862886,71.956986304915,58.8212632087388,51.6070343827493,71.1761642519589,68.54405192075,109.191767763707,54.2024415383635,71.2378530487714,115.887135953366,50.6449191987216,84.7207142772908,38.0051537835887,58.6246187826262,53.0422208192959,79.0941755570929,76.6618029535376,140.535026331728,97.772345049361,23.3609895182953,170.777354192039,67.4389234150362,68.621023437204,131.92139593024,73.0263121972452,36.1629020852504,46.1343380509292,182.897689897292,86.3434995869516,14.6231014352121,45.628238029352,83.4315324323238,21.9899514650242,109.050045966436,42.5663540293114,62.4603006085804,41.4784888584282,54.664120838063,56.465845490866,57.1245931539201,100.561941910045,43.7781083944882,31.4298723094135,60.500478678966,37.3492750857465,56.1461488742144,186.226184609358,22.1050237428714,98.7952160376782,74.3666299414515,84.315501002218,249.144246322917,35.9405511232638,102.333483751014,90.1592782026318,70.0598809948679,98.0433283341019,68.8212690467521,40.9294080328856,38.9007288476638,30.1187621123353,73.455561074197,49.3599444233679,44.671656734341,87.7927806632423,120.560630129404,58.0444873908178,24.9841723918357,47.955387092012,125.26681156294,49.809066890759,142.302516770708,35.0688415181707,32.9287751520015,50.2550461842952,131.864603578442,38.3224161961026,45.1928704971274,55.7095476655539,17.274328669968,52.2470783899377,53.8189144021213,37.7929041800875,43.9837672270967,66.5867732427084,69.022948414699,14.5209741251635,70.0568669290841,151.66134485392
60.3180441885726,116.823253755899,41.6068091616477,69.7745574010092,55.8089675703499,0,84.3075784638936,17.924531236267,35.0752166421615,50.7182880403251,50.7358159358108,41.4441397281776,64.2191084885633,63.8692736571962,47.5969377888908,88.8033536654002,63.2021534519283,103.417817332692,40.107800806655,79.2415594353202,101.675703022062,60.7597343166268,82.9326073386257,28.155685426273,51.5538380708298,48.7450275911445,68.6756036108327,47.3751866368003,134.498941571953,85.8218346450134,54.2468819258586,171.345296558325,49.3512727524026,73.7952052518236,136.649354073175,63.5739225663211,48.4486998322263,57.8050425436933,185.862166080609,71.6887503252697,51.8226815791744,11.710386058591,84.4138704783424,41.2482075200298,88.0724369798991,42.1300370394743,58.0919633796835,25.7875548200438,62.8900241830243,70.3089236280956,73.2114972158904,90.8721586216694,44.2186855136236,54.4577389298342,57.8665029906552,34.0779690842431,70.4155180756949,183.42868182949,62.2065160517353,86.7071306562272,73.1802905031954,76.0068926774014,244.439323720434,40.3012808671713,89.5484488588406,85.311069583127,64.0725144509997,75.6253836067181,66.0810381516226,21.544974027876,54.9977805123639,60.6901928281661,86.3586786392967,36.2866599909443,66.1853349413258,68.3878969656422,106.797703546848,15.8504016028734,42.8954969067601,47.7725695301321,128.510694634837,56.2639506654753,133.65051580526,62.0533924804679,35.0641774966366,46.5441172434907,123.293527106366,23.7352978587775,37.0933615015158,41.4857129613425,40.5041911252526,47.3055395623423,34.4280688772641,35.5196079130379,51.7268850073683,77.7004959639016,85.3033741294294,55.9602498768439,86.8594335451568,136.277657806492
31.3015617578524,38.4763468080895,84.6974950164304,70.4982830817107,89.7768387359895,84.3075784638936,0,93.7678251259638,83.1828536879714,41.461830035406,52.4858405748944,98.8109988705587,53.6516444295518,89.4210990162217,51.4735239803147,114.642271995519,45.7563177900271,48.0125822889331,70.5048904458279,75.3681852633118,46.4816350468714,53.5717195314635,42.6036239997772,84.3493546241687,64.725669031748,59.2155175479122,61.5480898948012,53.9816991778289,64.5597724179977,45.181582389682,74.5313078155343,99.3956919031876,86.903755262906,25.0735943705602,61.1116668088977,36.6943984253944,86.956329553316,68.37344044092,116.946206379173,50.2450470437343,86.3986391746582,79.8102483975005,58.5721383653527,80.7729835893924,43.6738296903495,67.8692728074659,34.3926275359561,83.8455651116477,41.0603671425974,39.2948259938238,92.7548097495728,118.933471907296,63.3077557390832,81.050343089558,31.8932640491977,81.9445020388731,54.2905246213104,106.432905196359,78.9588739362608,66.0635999199139,65.227094767521,35.2690128394481,178.676094197646,61.4638999616174,40.5154227963913,26.4963087032945,37.6965418431609,70.0666506158812,106.667895175943,83.7583304254108,68.9831926216497,86.3426910028242,50.2600372699878,78.5323619750652,51.9398053898802,28.0730190178504,39.0654181503282,77.4064006754529,89.6196212137163,48.3588189290929,62.3164621126456,67.8211963914363,57.1885144344363,60.9733393123108,65.5915673092158,63.241527023652,72.6785821992379,87.3091850260232,81.2166498880986,47.396475902178,82.0953973593965,45.8481956936461,61.5251394804286,86.433134700708,63.2625029882917,39.7173046301952,82.3959079784621,78.2059526059811,46.2476974443657,86.4164449063453
66.7556607883794,125.883047987912,33.9041574783985,69.2163719395719,45.1571908676093,17.924531236267,93.7678251259638,0,29.9234722273382,58.8682718715484,53.1560172838268,26.8462393600333,69.2459756674541,61.5579590210198,51.767678603053,82.797086357201,70.6731002951613,111.158594800326,41.6818185440622,79.5524571156827,112.053924282501,62.8149790832188,89.1402790817827,24.4968187492329,57.6307431592395,54.4097144772636,75.2667110177399,59.5397844012249,144.408427907528,94.5074607745356,48.6051608367709,179.411256966593,54.7723080609473,79.3478063137895,143.585036978177,72.6090833520572,44.2075348816253,55.1285062824686,193.252937226402,79.6478182847924,42.5005344304617,15.742484973553,87.8257389239534,35.1107352867044,100.023858127266,44.4489986153822,64.4748982742308,21.3630572768352,65.9578640735321,73.0511699642281,70.1562607118427,93.3458317336554,47.2903386097204,50.0786989533986,65.2198701106382,32.3616358282599,70.8875037442638,192.758118696325,56.1963753652796,95.997837243558,75.6185138905281,85.5864734063296,253.905207914423,41.4477298006499,99.803103040615,93.368592633917,71.0011613836498,84.9753236304508,65.1718216774243,19.1123978031229,51.1521082108171,53.1150223886347,88.3279392068297,39.6549955363429,65.5163193319552,80.1310068354612,118.396108225063,28.5971877574276,34.3654036064999,52.8131968875652,135.605662274549,55.5284095072722,144.504773312109,60.000954451985,34.5301870781504,51.0098342529348,131.53104469882,17.0689294724949,38.3079561752375,48.9436306247776,31.3567636953585,54.1508121651014,40.6606394981662,27.6378080559411,50.9557412875335,80.5827907575241,86.1376367640425,48.6044770547345,88.8446129803815,146.453743253563
53.6464903575724,109.329782730219,33.9996277287742,41.5934558120709,41.7200539617504,35.0752166421615,83.1828536879714,29.9234722273382,0,46.7446174883004,33.8140852868489,28.9647060150749,46.4394958041377,52.3994633504358,32.8370082848574,76.1875394389197,60.1871438668625,90.5886490911969,19.259019398155,61.7596896375582,94.8581762366993,53.7862535979218,67.4696171408784,39.0901285170806,65.9960783676035,61.6429167028393,56.970123673968,48.8209522306001,127.349987313989,75.1304353574324,49.056522228527,158.077527608221,59.4891876615821,65.3342358550547,124.12603199054,60.3507143787816,54.336658112794,30.8070342973426,170.855517481415,59.3655545345274,45.7878624560938,28.7551676073626,62.364117442313,40.8677606839077,85.7140728823814,45.2623444944942,50.056567534861,12.2027179763634,51.0095840418986,60.5975186301181,56.5088623880212,88.868529043914,54.250307208348,57.7813521608271,57.9635046310547,46.5439600177687,47.6352878092148,174.040860992122,52.8114021532542,84.4158594719128,49.3665300414122,74.7001009562725,232.723170129381,39.2144914647901,83.2411688655169,75.9110670124328,53.2197404152279,71.0701354102207,70.2106446840008,36.6554500686786,29.445891906858,48.0005643466,64.7833843474045,56.0736065147997,49.3127154161764,68.6019504525469,104.390471891114,37.831468826421,38.8155194343498,51.2260101140451,115.91642685496,31.1178507175385,129.126817372624,55.0898398811141,29.313708178713,59.844751199402,109.113945562983,24.2289178720231,52.830995803829,38.9343965940947,27.9609685334786,52.1734990913748,26.3939033219826,6.92951116231902,27.9017204875799,61.0150343209682,80.1752584228919,42.1168366572009,68.8323441465123,126.648604924888
18.2909442067868,69.6032142463064,53.7059813898397,46.3861328665463,63.3828975907409,50.7182880403251,41.461830035406,58.8682718715484,46.7446174883004,0,22.7454950737028,63.322417069774,28.3092499497228,54.6119016112032,20.4604775610318,83.1288196236917,27.9680718871197,59.58538606111,35.6075071324619,57.5416370987131,57.2523223006692,30.5538026752788,38.1319230337856,52.569171644164,48.066527942535,46.4220428637236,37.0516995284474,26.1206729033314,86.5129624646696,41.4222243983713,55.0555111145266,123.841720360018,55.7116166989258,32.5491656836137,87.4909311836484,22.7740305853484,59.8150412309661,42.0330964737946,138.382248754177,33.761127566007,61.3974888252176,45.2427275923988,47.6089448743774,53.5663224236485,48.2581057675611,38.6867046824317,15.4406048876381,47.002813096363,22.7818875425194,32.0156211871642,64.4477567111817,90.6040125465318,45.1568746820036,60.8874470375827,24.6888304399587,54.494610174622,37.0948016816394,136.839104884984,58.4761244125001,55.3969220301098,42.4906546787899,35.0450877283673,199.232388491663,34.4245211086182,45.7154661664916,39.5363577872977,20.3160418655511,45.5517937081988,75.2108997778562,50.4006706072189,43.0988219955087,56.8177027904125,45.8650091132827,55.691199506326,37.9611024621186,29.2835273474375,62.5350959900908,43.6036080324413,58.1210870281666,32.2613917058253,79.168073244797,34.8760626596624,88.0223913682606,48.0296871315973,33.434893699158,48.6404486416356,81.1997201810587,51.193789635031,55.0973296094686,18.7554319064678,51.7221901107629,27.059430797174,24.0980997374737,50.0003314819311,33.6365950575056,36.4109580724122,67.8114123027855,53.7839239901471,43.7621394471006,95.617994998142
23.2078812628085,77.5742431037915,44.6586262252152,30.2688791503935,49.6742294183889,50.7358159358108,52.4858405748944,53.1560172838268,33.8140852868489,22.7454950737028,0,52.158427452121,24.8333103818605,53.0582522062762,9.57539662488111,79.5841672437059,39.8132192640584,62.3682479551317,24.2848095915125,48.2349825971549,68.1509511308172,33.7223909012224,39.4400472771709,49.6901398076495,57.0534921822673,51.1291449591302,43.0748327757932,37.5009650367934,97.9904879432701,49.3617623110197,44.9283603832915,128.834091577027,63.7412235297062,33.3577466891537,92.1718192312312,36.4084521432778,58.6366887248506,21.5649733669459,142.973215879552,38.2716710338181,50.6897665884282,43.1466284447329,39.5389937912457,46.3454840282128,61.62365415451,41.6200775694696,20.0423053537771,38.225703455197,20.4421707787563,31.6916005614711,58.822128741558,95.2530278893371,46.3090946486829,55.9012764516933,32.1751623613855,53.0334008919455,21.8024143218476,143.632536681333,49.0900334779992,69.0562890846033,32.6811772966612,50.0802684754535,206.822627232315,32.033178055348,57.8687351340003,45.2288968003091,24.8769444504572,58.4502428864534,78.7622632903574,48.8627421081895,21.6660879903259,48.4425601129817,36.4944727253369,57.7963883000722,24.3325896516062,43.3428976097205,75.6530191913874,47.7505908373573,50.8557124299294,34.0849307768993,86.3371272860609,22.9457329660275,98.8106319398914,39.8084861934329,26.6179362757285,51.3065593894711,85.148341799732,44.9820381196542,56.9783072015225,21.5362426755084,39.0150335181262,34.2731590299045,22.7507984986368,36.9212044231387,14.9878558535509,28.9505196267284,70.4229555612357,41.2994160392401,39.2226654816762,104.268783938068
68.6027565954196,128.50395883117,25.1383564688568,64.3802978328368,28.7679188862886,41.4441397281776,98.8109988705587,26.8462393600333,28.9647060150749,63.322417069774,52.158427452121,0,69.8477778529189,50.4539596969745,53.3211746179044,65.0324291009042,72.6842074106116,113.323536845784,45.5590064394157,74.2076040817813,117.001852695188,57.4566994988104,88.9579062575763,30.5687509672713,63.7315329289672,61.8890769624144,76.438972994342,70.695332607722,146.26426667518,97.711199022902,42.6099077360383,179.057408054312,59.496785195798,79.9233921644012,142.030049796814,76.8056216392783,40.3906993859618,49.5133433527374,191.255915412445,83.7984838345506,31.1085141868025,33.7139867645225,85.5608659811207,31.2008222902829,108.106637591997,45.0039184303503,67.3037898226894,26.9689387614303,62.966204455711,68.9980326064331,59.0505126334212,92.3303475995117,52.4755791814343,45.6475570489994,69.528976666129,38.1743812412429,64.8378128080309,194.966325014838,44.5244279191197,99.2162810202782,72.8036211889044,89.6314262157007,254.452769282014,42.4503535233871,104.467453169453,96.4119394968768,73.1662476862829,88.7880642497084,61.6839938494962,30.478243338067,44.2266655685123,35.1681425034509,82.7257930249785,50.0596632421402,58.8409239516897,89.2065927883199,124.547273259801,46.3834158375106,24.7158074002597,57.0717909519102,133.086567366678,48.6459443440468,149.391432660501,54.5659476509118,34.004550616338,58.5771037852663,133.670900661444,23.9769108035043,45.2997049512167,56.1216236221269,22.1202570182401,59.1939895452475,47.1555999168704,23.4904249963959,46.4122670794979,76.8028967757351,79.4020972834943,35.5703858280573,81.9422597477381,150.974509249878
33.8257690389581,68.2802989706092,65.0315338909355,24.6421827813117,71.956986304915,64.2191084885633,53.6516444295518,69.2459756674541,46.4394958041377,28.3092499497228,24.8333103818605,69.8477778529189,0,61.3260676960384,24.5064221094366,88.8040540462352,45.089961932275,46.3383337035258,30.4523266247167,51.0518719805247,50.8086058590305,48.3325391565978,25.8948014934488,68.9454314056412,74.3898125902891,70.9383087108202,33.8539938096053,33.2896841448337,84.4443109911794,30.2812061371856,69.0943755626517,113.519705875428,73.5446379563574,41.4038824428363,81.6303356770343,37.9015098754533,79.3133552146555,33.9275284826547,127.34585877478,16.6290244050762,74.1663662953346,59.2496585029474,23.0183122466708,69.1903992100791,46.3200860938538,59.3691606299994,27.5499574773161,52.3890836298064,34.2917487555809,45.7210414657834,67.4423275092366,96.6883502948572,67.8436777705621,79.543719687524,46.1858775681039,73.9247614205843,28.9622019394737,129.666498072823,71.5193033622209,63.5465376303378,17.2449410176552,49.4905467321793,188.736086445822,53.1225892143681,44.0167510832174,36.8396874404357,21.2624885368358,44.2793538724377,90.3752048557791,67.3702456219285,39.2495015370414,67.3452969401646,33.1203044612825,77.8836474856953,42.8673553768124,37.823406945543,63.7208889690865,59.1957144096363,71.2046763958351,54.1765013413927,74.4415586443229,29.0788403526768,86.9302088742713,62.6116561657693,48.3297860075555,72.0337662420505,64.6603409498358,61.636296598866,76.5663099646366,33.766376292095,60.9479877581591,52.0150182318694,31.7239038885613,51.0810518180223,30.501121521773,33.2169618920352,82.1126643989661,63.8709781692681,41.9605709009966,82.8183813976965
62.7456326440138,111.96188712576,46.9213563726577,66.6462685500491,58.8212632087388,63.8692736571962,89.4210990162217,61.5579590210198,52.3994633504358,54.6119016112032,53.0582522062762,50.4539596969745,61.3260676960384,0,55.0412419694582,31.6531668916023,53.588616317653,98.5684660154155,56.6918696102496,61.3257188917646,97.6990071716141,42.8262822128161,73.2845204718906,52.1121241254957,63.3763352885308,72.1669645644341,54.9853404189723,64.3421228350013,118.674259712024,79.5953234084429,65.288300539172,155.85989170306,45.9459872846781,74.6109041433889,121.45612060254,61.2730254249677,52.0174329948252,60.5330501981143,164.262584204705,73.2469371979898,60.2636343065954,56.1903956777816,77.5024926047317,55.1014120009607,91.3390232107836,44.140341281165,63.4495735489008,51.6869649526733,55.428582857509,61.5260903811687,41.3100548125995,66.3904648612008,65.0073054494489,62.8285145121113,66.5960707537849,58.5838866576257,60.6240983254429,174.705366261893,56.5300052549391,71.3260025977753,62.7199361974611,69.6178634002648,223.149990307943,51.4924862313951,84.8852111005829,84.9759039751797,61.8008842673482,61.078863841897,46.3327536096606,53.806946931362,58.6208228367821,35.0554196386716,73.9526045752203,66.6068401127245,62.6276699626622,81.2592514746236,105.802122328649,57.7820742776741,46.7383320549381,63.0073598442886,104.96637529434,42.8020503662059,130.080868720127,64.8399183545908,47.7663866547868,70.7859398165856,114.336538989643,50.7851975830686,59.2445200538832,61.5727920479578,52.9467363285443,59.2981782244811,53.0631469428051,50.1414689225834,50.3109869538285,69.8130456116001,58.6270615891557,53.7914020184507,66.9230665681936,128.120033875033
22.7166560631854,77.2664114645813,44.3226087930376,32.6340605208008,51.6070343827493,47.5969377888908,51.4735239803147,51.767678603053,32.8370082848574,20.4604775610318,9.57539662488111,53.3211746179044,24.5064221094366,55.0412419694582,0,82.6656534823646,36.2629092693634,62.4172443682117,22.80487899719,50.8721450503661,66.5902624760815,35.7894627894305,38.7114357300118,49.0677891836916,55.2825242818694,49.9739812663771,38.6184286744549,31.5207810136815,97.0167679022105,48.3804941137589,47.3771956638834,128.814851383956,59.9943425602072,34.2567368944519,93.3587528861469,32.1639619375274,58.4946447111136,25.0764813276783,142.687202186885,36.1677090876521,52.9315888887295,40.6285360556529,41.0883904284717,46.4723315301224,58.8860162709131,39.5001767058375,19.2245071734676,36.2373335645987,23.9002749361903,34.6645516634138,57.0567906804466,91.0797536219559,45.995228149646,57.61210700347,30.7710896658261,51.6146068232473,24.9931947096648,143.567906318374,50.7238344460779,64.1365812904339,33.5925685906931,46.3304613282934,205.653666323897,30.7604192284724,54.4122909027472,44.5980192564739,22.5070722925656,56.7039843231603,76.450831466404,47.8281697070488,25.9374257501853,52.0785307991241,39.271989284914,56.5720774975798,29.1009636808287,40.0489366271854,73.9552013834449,43.2101671077138,50.6921232299368,33.8546510538885,86.3673155787524,22.5397828071749,97.58035044972,42.615543984977,27.2441122481387,50.6020046529913,84.087490607163,43.5449406526579,55.0248454085389,17.5432369237384,40.0493247766047,32.7917678053319,18.7631182240969,36.5384675174351,16.5355796799901,32.5576384463449,68.7130007736135,43.380153830592,41.9443207995479,102.116292268492
88.9131624686921,135.565259266418,65.33160192093,89.9987630910436,71.1761642519589,88.8033536654002,114.642271995519,82.797086357201,76.1875394389197,83.1288196236917,79.5841672437059,65.0324291009042,88.8040540462352,31.6531668916023,82.6656534823646,0,80.4093846063441,123.896119349445,83.9816248083104,81.1553612032395,124.093965124722,64.44797967894,99.2297792936322,72.4115463833978,83.7111445742247,93.31467088592,83.2538185339245,95.2156755203335,140.287375644527,106.619278316726,81.4582296558204,175.721919431439,68.0297893568494,98.6799031165401,141.098678353584,89.417818098638,66.0665723466071,83.4349729570812,182.017813360789,101.493939561581,73.2948023909656,81.0323160969022,101.745286796837,72.7616775526852,119.908133127971,67.2272439092591,90.476621337357,76.0389584531113,79.3589557140735,82.4584783513998,56.7250368311878,79.5857407733712,85.6016593122879,76.2680508484085,92.0811595251601,77.8248724987533,83.7447153628056,195.764178896648,69.5645832660204,95.8099530536692,88.3145580304583,95.9981767141133,240.71425452455,75.3873736672925,112.08293446848,111.275406182428,89.8896441270458,87.4634336600191,56.5881612445173,75.2097350743712,80.5726402079484,45.1600113841594,95.632213057721,86.2517808989068,82.9546583108729,110.144258783373,131.767695928544,84.6313411568969,62.7422927567349,86.5720417181268,123.960665868972,68.3248565578074,154.242494807651,82.4485730616246,71.4695014876613,91.6551108028987,138.853595862879,73.0191638574118,78.5662321468401,89.528504793976,71.6252958718319,84.2506135291243,81.4365087545581,72.6184064013027,75.684541386282,92.4712029054703,71.0574581238463,69.0123483001308,86.9096305188546,153.004186245278
29.2571708851442,71.0976811032015,55.8399247795503,61.6209404508769,68.54405192075,63.2021534519283,45.7563177900271,70.6731002951613,60.1871438668625,27.9680718871197,39.8132192640584,72.6842074106116,45.089961932275,53.588616317653,36.2629092693634,80.4093846063441,0,66.9679899621992,53.5802259828317,62.290328664112,62.972612624869,32.5412278509019,42.5685504137285,60.1120274479902,45.0907659275964,51.279868867456,31.1208994997989,37.8233912305278,81.3119835789385,50.7341630040416,62.0051343900237,122.644931950312,47.0714112814611,39.58395419073,87.7520408582057,13.624910555955,58.9226481086963,57.1568758112676,132.674611236369,49.1169084015026,67.7863403809491,56.6927388500219,60.1865785694111,57.4169118501188,54.95405879924,35.8911910544236,33.3972548881212,58.1399252590073,33.106015240181,36.9487894941512,52.3547940898127,74.8621345178238,50.9802353966078,63.8428206615954,30.6515897480678,57.4024605194172,44.4983657002183,137.23641848672,56.8599726829336,35.524771423376,53.1763057446147,19.7752673856473,192.500660410135,38.1996763618606,43.6038175905481,47.4301296476558,28.9415828838783,51.0437270433238,64.814110779668,59.7137819474954,56.4065574774298,59.2515204791014,52.4002010458084,60.6428050215894,47.5532017768481,41.9387890966618,65.4907551883434,51.9588162826494,59.0691166157713,40.110287920301,72.5454198194279,42.1969697952031,87.7996259689955,52.4260005029619,44.9629421137256,53.635981948494,84.6831475905363,61.2118957418709,55.2930793216256,38.3869320815935,59.4079383610502,32.5595972970955,43.2802022906447,61.5240598235075,43.4973928177481,45.4392608003144,45.543088617121,56.7202120807123,42.9499981125263,97.2188168116332
55.2996680015052,33.8918423824629,103.996888349471,59.7500319087566,109.191767763707,103.417817332692,48.0125822889331,111.158594800326,90.5886490911969,59.58538606111,62.3682479551317,113.323536845784,46.3383337035258,98.5684660154155,62.4172443682117,123.896119349445,66.9679899621992,0,73.6556057699051,69.6898431053731,24.4162150573224,76.7038462202272,30.1080536833865,107.490852199295,101.367402696968,96.8377537125111,59.8400232738427,62.3309086715265,52.0641402103066,25.5797479265047,100.841887592204,71.1303175417789,108.364568111674,50.4417312941245,44.4342815424156,56.4043900180468,115.242156965135,70.6821416757193,88.5661226527803,37.1156322996423,110.276557894205,99.4580928486038,35.7637482479926,106.005706685438,35.6130758664879,94.2649590133097,52.6467809685534,95.8729879003189,60.2921473498126,65.1261716366893,100.652217531035,126.119051292851,97.189200823902,111.422342586791,65.4745031349864,110.325617250481,55.8856385021545,85.2677271378721,103.234156895484,75.0091600909751,48.9369041499753,57.1672849763999,150.290971365616,87.4071339135146,35.3116454857028,25.8964641653684,44.4164359899689,65.7213252418223,126.864860514181,107.19518195931,75.4440913665039,104.390313773683,42.4739127549361,110.242499955754,68.67728234237,44.3547203229865,36.1721195508861,96.8633471430469,110.871695253034,80.6320278519894,48.1931941004335,70.1743785739058,48.3862249114565,88.5966240882921,86.6871114380946,98.9200013377277,30.567239737652,103.736685357851,111.514845500582,66.4301487491847,100.56873139208,78.6016138565836,72.8913928656737,95.0320104246997,69.4372388910512,46.3314088169169,105.139632525645,98.8755164010663,52.0625949306768,51.7933319832183
43.6299357822699,94.2174612131582,45.8386452812348,30.5180965931775,54.2024415383635,40.107800806655,70.5048904458279,41.6818185440622,19.259019398155,35.6075071324619,24.2848095915125,45.5590064394157,30.4523266247167,56.6918696102496,22.80487899719,83.9816248083104,53.5802259828317,73.6556057699051,0,54.7674955077218,77.7633961353897,50.9326125611731,53.3158784460046,47.8310816465702,67.1191483310434,61.9607603860386,47.3940362044375,35.5285120443949,112.594930786697,58.4748920594549,55.0802602394106,142.481476161867,64.0367175905966,54.866194568975,109.586592005119,50.37898728462,63.7618296613651,25.4359384166335,156.376629119188,41.8484902409076,56.4842921950487,35.4604760830384,47.5765635171615,51.1371732760276,68.9725868472424,49.439373817799,37.623860027008,25.6063859815845,43.2474573147176,54.4324771086924,62.9305846135742,93.1225863796673,56.4134448585563,65.3777253417895,50.2679675764749,55.4192912467113,39.4634697987449,157.513861752636,60.5335154313016,77.0709955572829,36.1057654565754,64.5153018027276,217.522383190329,41.6115635090744,68.4862105951859,60.4251749717891,39.5392111901227,59.5106416924727,79.4524656308311,45.5442147272077,27.6049383509543,56.6697751311471,53.6434050009738,61.1231827254532,45.0905296506395,53.4104952738559,88.2747680510165,39.6611295543671,52.1063551767796,48.4288174921344,102.996360111356,27.0473866463278,113.071905685953,56.2678434806626,32.7676285499275,60.9642174395689,92.5059607700237,36.5692647103599,60.2005808788826,28.3083872722837,40.1667206525945,48.6290793575595,16.7850938342174,24.4955120865947,22.9612872434812,50.2287052572253,83.4753508717377,50.6201741578606,60.4562470986423,109.721739877299
55.9116324209532,89.9660348877132,65.1696588685702,52.0652794318141,71.2378530487714,79.2415594353202,75.3681852633118,79.5524571156827,61.7596896375582,57.5416370987131,48.2349825971549,74.2076040817813,51.0518719805247,61.3257188917646,50.8721450503661,81.1553612032395,62.290328664112,69.6898431053731,54.7674955077218,0,79.1622867807862,54.6946328072497,57.2558779013522,70.3920294305653,82.0113596305445,80.0778500188497,59.701354322229,63.3033455112985,104.050510207367,64.2372530087412,70.4767004341276,126.768654255414,83.9384073902289,59.2774509126306,96.2288949624472,61.4481282798946,79.8409366018597,47.4240150047982,139.129690469946,59.2936230511191,74.3887332466599,72.5003199992938,54.5921938746879,72.6440561780127,78.6846666909959,69.2821847171817,53.8079202283098,66.9500144807425,53.3038685275281,58.6859438025836,66.3733180209011,101.533989823763,74.330549241603,77.0463315593574,61.6097585492187,80.4779630587406,45.6814219546651,145.049166235879,67.4732623066811,83.3914322362319,47.1306241740142,66.8350669475909,200.995384584057,64.3124222336377,74.2303431678693,62.8831582149403,49.7244161060019,74.6774792694176,93.7126215906626,76.794189869139,48.2480720588973,64.4918239033418,51.9938367593843,81.4690475116372,53.9088610539999,70.5022338221146,86.9493208149764,73.2846138930047,73.9375733800868,64.232308029501,91.211050982288,45.6450338207166,107.7099316785,63.0507323189757,59.8638130816439,77.3716565937397,89.6951423293493,68.4377777283111,83.7780145986668,57.0642289529803,66.665020436912,64.9336029730913,56.4293399833564,62.2586953630012,45.3647939162365,51.0610406058372,84.4752486737883,64.8885080717527,55.084270431653,108.928678351776
57.7651661438999,34.9800026534194,107.416923053642,70.8890436279642,115.887135953366,101.675703022062,46.4816350468714,112.053924282501,94.8581762366993,57.2523223006692,68.1509511308172,117.001852695188,50.8086058590305,97.6990071716141,66.5902624760815,124.093965124722,62.972612624869,24.4162150573224,77.7633961353897,79.1622867807862,0,77.1091101788331,37.2912690030073,107.730895623478,97.2169462508365,95.915296636629,56.5459097571609,56.9212681310282,41.9655470200928,21.9102307244523,106.801579603151,74.6611383511347,101.789605560299,56.7739481759692,50.927544483767,52.4997638161441,115.144427177605,80.789116319816,91.3093884383536,37.5063273725944,115.469568103499,99.0413227452691,49.9233543231861,109.049604484135,19.3372130076011,92.7467914358497,55.2924636462021,98.10591620533,64.5544347985924,69.4609847959249,103.172830172964,119.848229374685,97.6353575225848,114.425347923642,66.1791928899574,110.270705087815,66.9150278293244,86.3228276508259,108.813813209972,64.3345617474944,58.1989600533977,50.2384093733984,147.048151833458,88.8756736529482,24.2341276909137,31.7611810572163,46.83828823092,53.7462773656492,122.203002385817,106.537233466106,85.3024229354036,107.982826033188,57.0519645767891,108.911145275061,77.7733724077166,38.4400133788769,21.6534649586024,93.424880829294,113.164147886833,81.9885711244862,47.0915807404825,75.212034641893,41.6951251140409,94.9554460966619,89.0654171541605,98.8233098481934,34.4115988476967,105.07048408579,109.733411929033,67.316493236974,105.627739112348,77.7338794937566,73.2744966974135,99.3990072175361,76.6082916656715,57.418829493441,104.070269245073,105.141517592631,61.3636778255778,42.7004201390391
29.6673719567024,82.0303650172225,44.1358990371148,58.0354755990023,50.6449191987216,60.7597343166268,53.5717195314635,62.8149790832188,53.7862535979218,30.5538026752788,33.7223909012224,57.4566994988104,48.3325391565978,42.8262822128161,35.7894627894305,64.44797967894,32.5412278509019,76.7038462202272,50.9326125611731,54.6946328072497,77.1091101788331,0,53.9235201363504,47.3572351752396,39.7310175442845,42.7281624425202,51.1158984837362,52.2756762866248,97.2397393014582,62.4113712599298,42.8242306503772,134.050172328932,54.1663534683973,38.7742634290889,94.2243793216221,37.7441489283382,44.6858386980732,47.5662127118248,146.494992163464,58.229963039775,47.7680783962047,51.7650080452025,62.7416842172168,43.8256960800024,72.4181524574138,30.7023225283394,32.8799201588983,53.5956565712965,22.4257097528679,22.771360475823,55.2739791637912,89.6373509472875,38.5259814377671,44.5963952482231,30.5313940204967,48.6416876093627,40.7445847174996,148.465565630455,39.3413054821259,64.2541469643849,56.5905006527212,44.3010284102039,210.074669574179,29.4920880182569,64.9495450179047,56.4502307105208,38.5743141171227,62.897220677973,65.3676620572866,49.6097710671172,44.5695400497684,35.76900302312,51.2032023590498,50.7986151342977,32.4272392749743,55.174371854444,79.8766285258242,53.5763215970827,47.5847339192649,30.1185690073631,84.6886595894523,38.1214797381559,102.369103108101,33.2789566237133,31.1741271316908,43.4803974858922,99.4450040035201,52.6433402738442,48.9507858592954,36.6783500957431,45.8047403535749,27.3905219066169,41.2150413715098,53.6540240927548,38.4069668441933,40.4996734183362,52.5984024003798,39.2211609240448,40.3138589698704,115.239927175236
34.9085146236362,47.5435935740655,78.6482586612781,41.4794313852447,84.7207142772908,82.9326073386257,42.6036239997772,89.1402790817827,67.4696171408784,38.1319230337856,39.4400472771709,88.9579062575763,25.8948014934488,73.2845204718906,38.7114357300118,99.2297792936322,42.5685504137285,30.1080536833865,53.3158784460046,57.2558779013522,37.2912690030073,53.9235201363504,0,85.0370813200682,80.3490777391156,77.8637675263657,35.0799048243771,45.0458956699673,63.0215490815931,21.3081074451674,79.2746348793899,92.07700598536,82.9521230150733,35.1529372482447,60.1512347987416,33.6804228255057,90.4530154746618,50.164967839067,104.771193854496,25.0831018315284,87.0304363294261,77.2651224957648,24.2751747473109,81.4776773197113,38.0223671069749,68.5701244106134,33.384671850489,72.1712829965513,37.686161309618,44.8669539221747,72.4000290525583,100.990995401111,76.787186708592,89.2331712192374,47.1154759601208,86.4091403467877,32.1685647828713,109.176963493809,78.7975797823566,55.2672593176062,29.0956616981971,39.5437481130011,167.824346310745,63.2056559552926,27.9895093282155,22.5597986905881,21.6099851410963,51.0956028413139,99.5675884668683,84.2165848064011,54.4424039930107,79.2002041043852,25.1727423166805,89.8508863319096,47.8331630592484,35.9751551108495,48.2557303192542,75.7428976633306,84.6595847236896,61.1354139094321,51.3737724304961,44.1316828326507,66.8108777103717,68.1455823801176,63.2933064904872,80.0720045822573,48.7559250239423,80.335802549673,87.7490956978918,47.5058660101366,76.079551626988,57.8939571564441,51.7590602566145,71.414179118829,45.1141724268351,28.6526885889321,78.5582024481971,74.0888869909587,31.029195661746,68.5858909201733
